pos: [-0.285493, 0.310542, 0.646171, 2.64661, 1.07712, 0.0929334]
pos: [-0.251428, 0.102782, 0.733396, 2.41088, 1.95592, 0.321402]
pos: [-0.153903, 0.00421176, 0.625613, -2.69518, -1.26814, -0.0747922]
pos: [-0.143393, -0.049433, 0.639311, -2.80861, -0.856638, 0.118894]
pos: [-0.0565891, -0.103074, 0.600198, -2.49336, -1.24155, -0.120081]
pos: [-0.21364, 0.0946828, 0.644939, -2.8043, -1.24495, -0.163806]
pos: [-0.316193, 0.214817, 0.699443, 2.66157, 1.21347, 0.304381]
pos: [-0.204608, 0.103206, 0.809194, -2.76993, -1.34773, -0.202293]
pos: [-0.114403, -0.0168824, 0.48886, -2.60036, -1.13414, -0.0447804]


